0.0 0 0.0 1.0
0.20833333333333334 0 0.0 1.0
0.4166666666666667 0 0.0 1.0
0.625 0 0.0 1.0
0.8333333333333334 0 0.0 1.0
1.0416666666666667 0 0.0 1.0
1.25 0 0.0 1.0
1.4583333333333333 0 0.0 1.0
1.6666666666666667 0 0.0 1.0
1.875 0 0.0 1.0
2.0833333333333335 0 0.0 1.0
2.2916666666666665 0 0.0 1.0
2.5 0 0.0 1.0
2.7083333333333335 0 0.0 1.0
2.9166666666666665 0 0.0 1.0
3.125 0 0.0 1.0
3.3333333333333335 0 0.0 1.0
3.5416666666666665 0 0.0 1.0
3.75 0 0.0 1.0
3.9583333333333335 0 0.0 1.0
4.166666666666667 0 0.0 1.0
4.375 0 0.0 1.0
4.583333333333333 0 0.0 1.0
4.791666666666667 0 0.0 1.0
5.0 0 0.0 1.0
0.0 0 0.20833333333333334 1.0
0.20833333333333334 0 0.20833333333333334 1.0
0.4166666666666667 0 0.20833333333333334 1.0
0.625 0 0.20833333333333334 1.0
0.8333333333333334 0 0.20833333333333334 1.0
1.0416666666666667 0 0.20833333333333334 1.0
1.25 0 0.20833333333333334 1.0
1.4583333333333333 0 0.20833333333333334 1.0
1.6666666666666667 0 0.20833333333333334 1.0
1.875 0 0.20833333333333334 1.0
2.0833333333333335 0 0.20833333333333334 1.0
2.2916666666666665 0 0.20833333333333334 1.0
2.5 0 0.20833333333333334 1.0
2.7083333333333335 0 0.20833333333333334 1.0
2.9166666666666665 0 0.20833333333333334 1.0
3.125 0 0.20833333333333334 1.0
3.3333333333333335 0 0.20833333333333334 1.0
3.5416666666666665 0 0.20833333333333334 1.0
3.75 0 0.20833333333333334 1.0
3.9583333333333335 0 0.20833333333333334 1.0
4.166666666666667 0 0.20833333333333334 1.0
4.375 0 0.20833333333333334 1.0
4.583333333333333 0 0.20833333333333334 1.0
4.791666666666667 0 0.20833333333333334 1.0
5.0 0 0.20833333333333334 1.0
0.0 0 0.4166666666666667 1.0
0.20833333333333334 0 0.4166666666666667 1.0
0.4166666666666667 0 0.4166666666666667 1.0
0.625 0 0.4166666666666667 1.0
0.8333333333333334 0 0.4166666666666667 1.0
1.0416666666666667 0 0.4166666666666667 1.0
1.25 0 0.4166666666666667 1.0
1.4583333333333333 0 0.4166666666666667 1.0
1.6666666666666667 0 0.4166666666666667 1.0
1.875 0 0.4166666666666667 1.0
2.0833333333333335 0 0.4166666666666667 1.0
2.2916666666666665 0 0.4166666666666667 1.0
2.5 0 0.4166666666666667 1.0
2.7083333333333335 0 0.4166666666666667 1.0
2.9166666666666665 0 0.4166666666666667 1.0
3.125 0 0.4166666666666667 1.0
3.3333333333333335 0 0.4166666666666667 1.0
3.5416666666666665 0 0.4166666666666667 1.0
3.75 0 0.4166666666666667 1.0
3.9583333333333335 0 0.4166666666666667 1.0
4.166666666666667 0 0.4166666666666667 1.0
4.375 0 0.4166666666666667 1.0
4.583333333333333 0 0.4166666666666667 1.0
4.791666666666667 0 0.4166666666666667 1.0
5.0 0 0.4166666666666667 1.0
0.0 0 0.625 1.0
0.20833333333333334 0 0.625 1.0
0.4166666666666667 0 0.625 1.0
0.625 0 0.625 1.0
0.8333333333333334 0 0.625 1.0
1.0416666666666667 0 0.625 1.0
1.25 0 0.625 1.0
1.4583333333333333 0 0.625 1.0
1.6666666666666667 0 0.625 1.0
1.875 0 0.625 1.0
2.0833333333333335 0 0.625 1.0
2.2916666666666665 0 0.625 1.0
2.5 0 0.625 1.0
2.7083333333333335 0 0.625 1.0
2.9166666666666665 0 0.625 1.0
3.125 0 0.625 1.0
3.3333333333333335 0 0.625 1.0
3.5416666666666665 0 0.625 1.0
3.75 0 0.625 1.0
3.9583333333333335 0 0.625 1.0
4.166666666666667 0 0.625 1.0
4.375 0 0.625 1.0
4.583333333333333 0 0.625 1.0
4.791666666666667 0 0.625 1.0
5.0 0 0.625 1.0
0.0 0 0.8333333333333334 1.0
0.20833333333333334 0 0.8333333333333334 1.0
0.4166666666666667 0 0.8333333333333334 1.0
0.625 0 0.8333333333333334 1.0
0.8333333333333334 0 0.8333333333333334 1.0
1.0416666666666667 0 0.8333333333333334 1.0
1.25 0 0.8333333333333334 1.0
1.4583333333333333 0 0.8333333333333334 1.0
1.6666666666666667 0 0.8333333333333334 1.0
1.875 0 0.8333333333333334 1.0
2.0833333333333335 0 0.8333333333333334 1.0
2.2916666666666665 0 0.8333333333333334 1.0
2.5 0 0.8333333333333334 1.0
2.7083333333333335 0 0.8333333333333334 1.0
2.9166666666666665 0 0.8333333333333334 1.0
3.125 0 0.8333333333333334 1.0
3.3333333333333335 0 0.8333333333333334 1.0
3.5416666666666665 0 0.8333333333333334 1.0
3.75 0 0.8333333333333334 1.0
3.9583333333333335 0 0.8333333333333334 1.0
4.166666666666667 0 0.8333333333333334 1.0
4.375 0 0.8333333333333334 1.0
4.583333333333333 0 0.8333333333333334 1.0
4.791666666666667 0 0.8333333333333334 1.0
5.0 0 0.8333333333333334 1.0
0.0 0 1.0416666666666667 1.0
0.20833333333333334 0 1.0416666666666667 1.0
0.4166666666666667 0 1.0416666666666667 1.0
0.625 0 1.0416666666666667 1.0
0.8333333333333334 0 1.0416666666666667 1.0
1.0416666666666667 0 1.0416666666666667 1.0
1.25 0 1.0416666666666667 1.0
1.4583333333333333 0 1.0416666666666667 1.0
1.6666666666666667 0 1.0416666666666667 1.0
1.875 0 1.0416666666666667 1.0
2.0833333333333335 0 1.0416666666666667 1.0
2.2916666666666665 0 1.0416666666666667 1.0
2.5 0 1.0416666666666667 1.0
2.7083333333333335 0 1.0416666666666667 1.0
2.9166666666666665 0 1.0416666666666667 1.0
3.125 0 1.0416666666666667 1.0
3.3333333333333335 0 1.0416666666666667 1.0
3.5416666666666665 0 1.0416666666666667 1.0
3.75 0 1.0416666666666667 1.0
3.9583333333333335 0 1.0416666666666667 1.0
4.166666666666667 0 1.0416666666666667 1.0
4.375 0 1.0416666666666667 1.0
4.583333333333333 0 1.0416666666666667 1.0
4.791666666666667 0 1.0416666666666667 1.0
5.0 0 1.0416666666666667 1.0
0.0 0 1.25 1.0
0.20833333333333334 0 1.25 1.0
0.4166666666666667 0 1.25 1.0
0.625 0 1.25 1.0
0.8333333333333334 0 1.25 1.0
1.0416666666666667 0 1.25 1.0
1.25 0 1.25 1.0
1.4583333333333333 0 1.25 1.0
1.6666666666666667 0 1.25 1.0
1.875 0 1.25 1.0
2.0833333333333335 0 1.25 1.0
2.2916666666666665 0 1.25 1.0
2.5 0 1.25 1.0
2.7083333333333335 0 1.25 1.0
2.9166666666666665 0 1.25 1.0
3.125 0 1.25 1.0
3.3333333333333335 0 1.25 1.0
3.5416666666666665 0 1.25 1.0
3.75 0 1.25 1.0
3.9583333333333335 0 1.25 1.0
4.166666666666667 0 1.25 1.0
4.375 0 1.25 1.0
4.583333333333333 0 1.25 1.0
4.791666666666667 0 1.25 1.0
5.0 0 1.25 1.0
0.0 0 1.4583333333333333 1.0
0.20833333333333334 0 1.4583333333333333 1.0
0.4166666666666667 0 1.4583333333333333 1.0
0.625 0 1.4583333333333333 1.0
0.8333333333333334 0 1.4583333333333333 1.0
1.0416666666666667 0 1.4583333333333333 1.0
1.25 0 1.4583333333333333 1.0
1.4583333333333333 0 1.4583333333333333 1.0
1.6666666666666667 0 1.4583333333333333 1.0
1.875 0 1.4583333333333333 1.0
2.0833333333333335 0 1.4583333333333333 1.0
2.2916666666666665 0 1.4583333333333333 1.0
2.5 0 1.4583333333333333 1.0
2.7083333333333335 0 1.4583333333333333 1.0
2.9166666666666665 0 1.4583333333333333 1.0
3.125 0 1.4583333333333333 1.0
3.3333333333333335 0 1.4583333333333333 1.0
3.5416666666666665 0 1.4583333333333333 1.0
3.75 0 1.4583333333333333 1.0
3.9583333333333335 0 1.4583333333333333 1.0
4.166666666666667 0 1.4583333333333333 1.0
4.375 0 1.4583333333333333 1.0
4.583333333333333 0 1.4583333333333333 1.0
4.791666666666667 0 1.4583333333333333 1.0
5.0 0 1.4583333333333333 1.0
0.0 0 1.6666666666666667 1.0
0.20833333333333334 0 1.6666666666666667 1.0
0.4166666666666667 0 1.6666666666666667 1.0
0.625 0 1.6666666666666667 1.0
0.8333333333333334 0 1.6666666666666667 1.0
1.0416666666666667 0 1.6666666666666667 1.0
1.25 0 1.6666666666666667 1.0
1.4583333333333333 0 1.6666666666666667 1.0
1.6666666666666667 0 1.6666666666666667 1.0
1.875 0 1.6666666666666667 1.0
2.0833333333333335 0 1.6666666666666667 1.0
2.2916666666666665 0 1.6666666666666667 1.0
2.5 0 1.6666666666666667 1.0
2.7083333333333335 0 1.6666666666666667 1.0
2.9166666666666665 0 1.6666666666666667 1.0
3.125 0 1.6666666666666667 1.0
3.3333333333333335 0 1.6666666666666667 1.0
3.5416666666666665 0 1.6666666666666667 1.0
3.75 0 1.6666666666666667 1.0
3.9583333333333335 0 1.6666666666666667 1.0
4.166666666666667 0 1.6666666666666667 1.0
4.375 0 1.6666666666666667 1.0
4.583333333333333 0 1.6666666666666667 1.0
4.791666666666667 0 1.6666666666666667 1.0
5.0 0 1.6666666666666667 1.0
0.0 0 1.875 1.0
0.20833333333333334 0 1.875 1.0
0.4166666666666667 0 1.875 1.0
0.625 0 1.875 1.0
0.8333333333333334 0 1.875 1.0
1.0416666666666667 0 1.875 1.0
1.25 0 1.875 1.0
1.4583333333333333 0 1.875 1.0
1.6666666666666667 0 1.875 1.0
1.875 0 1.875 1.0
2.0833333333333335 0 1.875 1.0
2.2916666666666665 0 1.875 1.0
2.5 0 1.875 1.0
2.7083333333333335 0 1.875 1.0
2.9166666666666665 0 1.875 1.0
3.125 0 1.875 1.0
3.3333333333333335 0 1.875 1.0
3.5416666666666665 0 1.875 1.0
3.75 0 1.875 1.0
3.9583333333333335 0 1.875 1.0
4.166666666666667 0 1.875 1.0
4.375 0 1.875 1.0
4.583333333333333 0 1.875 1.0
4.791666666666667 0 1.875 1.0
5.0 0 1.875 1.0
0.0 0 2.0833333333333335 1.0
0.20833333333333334 0 2.0833333333333335 1.0
0.4166666666666667 0 2.0833333333333335 1.0
0.625 0 2.0833333333333335 1.0
0.8333333333333334 0 2.0833333333333335 1.0
1.0416666666666667 0 2.0833333333333335 1.0
1.25 0 2.0833333333333335 1.0
1.4583333333333333 0 2.0833333333333335 1.0
1.6666666666666667 0 2.0833333333333335 1.0
1.875 0 2.0833333333333335 1.0
2.0833333333333335 0 2.0833333333333335 1.0
2.2916666666666665 0 2.0833333333333335 1.0
2.5 0 2.0833333333333335 1.0
2.7083333333333335 0 2.0833333333333335 1.0
2.9166666666666665 0 2.0833333333333335 1.0
3.125 0 2.0833333333333335 1.0
3.3333333333333335 0 2.0833333333333335 1.0
3.5416666666666665 0 2.0833333333333335 1.0
3.75 0 2.0833333333333335 1.0
3.9583333333333335 0 2.0833333333333335 1.0
4.166666666666667 0 2.0833333333333335 1.0
4.375 0 2.0833333333333335 1.0
4.583333333333333 0 2.0833333333333335 1.0
4.791666666666667 0 2.0833333333333335 1.0
5.0 0 2.0833333333333335 1.0
0.0 0 2.2916666666666665 1.0
0.20833333333333334 0 2.2916666666666665 1.0
0.4166666666666667 0 2.2916666666666665 1.0
0.625 0 2.2916666666666665 1.0
0.8333333333333334 0 2.2916666666666665 1.0
1.0416666666666667 0 2.2916666666666665 1.0
1.25 0 2.2916666666666665 1.0
1.4583333333333333 0 2.2916666666666665 1.0
1.6666666666666667 0 2.2916666666666665 1.0
1.875 0 2.2916666666666665 1.0
2.0833333333333335 0 2.2916666666666665 1.0
2.2916666666666665 0 2.2916666666666665 1.0
2.5 0 2.2916666666666665 1.0
2.7083333333333335 0 2.2916666666666665 1.0
2.9166666666666665 0 2.2916666666666665 1.0
3.125 0 2.2916666666666665 1.0
3.3333333333333335 0 2.2916666666666665 1.0
3.5416666666666665 0 2.2916666666666665 1.0
3.75 0 2.2916666666666665 1.0
3.9583333333333335 0 2.2916666666666665 1.0
4.166666666666667 0 2.2916666666666665 1.0
4.375 0 2.2916666666666665 1.0
4.583333333333333 0 2.2916666666666665 1.0
4.791666666666667 0 2.2916666666666665 1.0
5.0 0 2.2916666666666665 1.0
0.0 0 2.5 1.0
0.20833333333333334 0 2.5 1.0
0.4166666666666667 0 2.5 1.0
0.625 0 2.5 1.0
0.8333333333333334 0 2.5 1.0
1.0416666666666667 0 2.5 1.0
1.25 0 2.5 1.0
1.4583333333333333 0 2.5 1.0
1.6666666666666667 0 2.5 1.0
1.875 0 2.5 1.0
2.0833333333333335 0 2.5 1.0
2.2916666666666665 0 2.5 1.0
2.5 0 2.5 1.0
2.7083333333333335 0 2.5 1.0
2.9166666666666665 0 2.5 1.0
3.125 0 2.5 1.0
3.3333333333333335 0 2.5 1.0
3.5416666666666665 0 2.5 1.0
3.75 0 2.5 1.0
3.9583333333333335 0 2.5 1.0
4.166666666666667 0 2.5 1.0
4.375 0 2.5 1.0
4.583333333333333 0 2.5 1.0
4.791666666666667 0 2.5 1.0
5.0 0 2.5 1.0
0.0 0 2.7083333333333335 1.0
0.20833333333333334 0 2.7083333333333335 1.0
0.4166666666666667 0 2.7083333333333335 1.0
0.625 0 2.7083333333333335 1.0
0.8333333333333334 0 2.7083333333333335 1.0
1.0416666666666667 0 2.7083333333333335 1.0
1.25 0 2.7083333333333335 1.0
1.4583333333333333 0 2.7083333333333335 1.0
1.6666666666666667 0 2.7083333333333335 1.0
1.875 0 2.7083333333333335 1.0
2.0833333333333335 0 2.7083333333333335 1.0
2.2916666666666665 0 2.7083333333333335 1.0
2.5 0 2.7083333333333335 1.0
2.7083333333333335 0 2.7083333333333335 1.0
2.9166666666666665 0 2.7083333333333335 1.0
3.125 0 2.7083333333333335 1.0
3.3333333333333335 0 2.7083333333333335 1.0
3.5416666666666665 0 2.7083333333333335 1.0
3.75 0 2.7083333333333335 1.0
3.9583333333333335 0 2.7083333333333335 1.0
4.166666666666667 0 2.7083333333333335 1.0
4.375 0 2.7083333333333335 1.0
4.583333333333333 0 2.7083333333333335 1.0
4.791666666666667 0 2.7083333333333335 1.0
5.0 0 2.7083333333333335 1.0
0.0 0 2.9166666666666665 1.0
0.20833333333333334 0 2.9166666666666665 1.0
0.4166666666666667 0 2.9166666666666665 1.0
0.625 0 2.9166666666666665 1.0
0.8333333333333334 0 2.9166666666666665 1.0
1.0416666666666667 0 2.9166666666666665 1.0
1.25 0 2.9166666666666665 1.0
1.4583333333333333 0 2.9166666666666665 1.0
1.6666666666666667 0 2.9166666666666665 1.0
1.875 0 2.9166666666666665 1.0
2.0833333333333335 0 2.9166666666666665 1.0
2.2916666666666665 0 2.9166666666666665 1.0
2.5 0 2.9166666666666665 1.0
2.7083333333333335 0 2.9166666666666665 1.0
2.9166666666666665 0 2.9166666666666665 1.0
3.125 0 2.9166666666666665 1.0
3.3333333333333335 0 2.9166666666666665 1.0
3.5416666666666665 0 2.9166666666666665 1.0
3.75 0 2.9166666666666665 1.0
3.9583333333333335 0 2.9166666666666665 1.0
4.166666666666667 0 2.9166666666666665 1.0
4.375 0 2.9166666666666665 1.0
4.583333333333333 0 2.9166666666666665 1.0
4.791666666666667 0 2.9166666666666665 1.0
5.0 0 2.9166666666666665 1.0
0.0 0 3.125 1.0
0.20833333333333334 0 3.125 1.0
0.4166666666666667 0 3.125 1.0
0.625 0 3.125 1.0
0.8333333333333334 0 3.125 1.0
1.0416666666666667 0 3.125 1.0
1.25 0 3.125 1.0
1.4583333333333333 0 3.125 1.0
1.6666666666666667 0 3.125 1.0
1.875 0 3.125 1.0
2.0833333333333335 0 3.125 1.0
2.2916666666666665 0 3.125 1.0
2.5 0 3.125 1.0
2.7083333333333335 0 3.125 1.0
2.9166666666666665 0 3.125 1.0
3.125 0 3.125 1.0
3.3333333333333335 0 3.125 1.0
3.5416666666666665 0 3.125 1.0
3.75 0 3.125 1.0
3.9583333333333335 0 3.125 1.0
4.166666666666667 0 3.125 1.0
4.375 0 3.125 1.0
4.583333333333333 0 3.125 1.0
4.791666666666667 0 3.125 1.0
5.0 0 3.125 1.0
0.0 0 3.3333333333333335 1.0
0.20833333333333334 0 3.3333333333333335 1.0
0.4166666666666667 0 3.3333333333333335 1.0
0.625 0 3.3333333333333335 1.0
0.8333333333333334 0 3.3333333333333335 1.0
1.0416666666666667 0 3.3333333333333335 1.0
1.25 0 3.3333333333333335 1.0
1.4583333333333333 0 3.3333333333333335 1.0
1.6666666666666667 0 3.3333333333333335 1.0
1.875 0 3.3333333333333335 1.0
2.0833333333333335 0 3.3333333333333335 1.0
2.2916666666666665 0 3.3333333333333335 1.0
2.5 0 3.3333333333333335 1.0
2.7083333333333335 0 3.3333333333333335 1.0
2.9166666666666665 0 3.3333333333333335 1.0
3.125 0 3.3333333333333335 1.0
3.3333333333333335 0 3.3333333333333335 1.0
3.5416666666666665 0 3.3333333333333335 1.0
3.75 0 3.3333333333333335 1.0
3.9583333333333335 0 3.3333333333333335 1.0
4.166666666666667 0 3.3333333333333335 1.0
4.375 0 3.3333333333333335 1.0
4.583333333333333 0 3.3333333333333335 1.0
4.791666666666667 0 3.3333333333333335 1.0
5.0 0 3.3333333333333335 1.0
0.0 0 3.5416666666666665 1.0
0.20833333333333334 0 3.5416666666666665 1.0
0.4166666666666667 0 3.5416666666666665 1.0
0.625 0 3.5416666666666665 1.0
0.8333333333333334 0 3.5416666666666665 1.0
1.0416666666666667 0 3.5416666666666665 1.0
1.25 0 3.5416666666666665 1.0
1.4583333333333333 0 3.5416666666666665 1.0
1.6666666666666667 0 3.5416666666666665 1.0
1.875 0 3.5416666666666665 1.0
2.0833333333333335 0 3.5416666666666665 1.0
2.2916666666666665 0 3.5416666666666665 1.0
2.5 0 3.5416666666666665 1.0
2.7083333333333335 0 3.5416666666666665 1.0
2.9166666666666665 0 3.5416666666666665 1.0
3.125 0 3.5416666666666665 1.0
3.3333333333333335 0 3.5416666666666665 1.0
3.5416666666666665 0 3.5416666666666665 1.0
3.75 0 3.5416666666666665 1.0
3.9583333333333335 0 3.5416666666666665 1.0
4.166666666666667 0 3.5416666666666665 1.0
4.375 0 3.5416666666666665 1.0
4.583333333333333 0 3.5416666666666665 1.0
4.791666666666667 0 3.5416666666666665 1.0
5.0 0 3.5416666666666665 1.0
0.0 0 3.75 1.0
0.20833333333333334 0 3.75 1.0
0.4166666666666667 0 3.75 1.0
0.625 0 3.75 1.0
0.8333333333333334 0 3.75 1.0
1.0416666666666667 0 3.75 1.0
1.25 0 3.75 1.0
1.4583333333333333 0 3.75 1.0
1.6666666666666667 0 3.75 1.0
1.875 0 3.75 1.0
2.0833333333333335 0 3.75 1.0
2.2916666666666665 0 3.75 1.0
2.5 0 3.75 1.0
2.7083333333333335 0 3.75 1.0
2.9166666666666665 0 3.75 1.0
3.125 0 3.75 1.0
3.3333333333333335 0 3.75 1.0
3.5416666666666665 0 3.75 1.0
3.75 0 3.75 1.0
3.9583333333333335 0 3.75 1.0
4.166666666666667 0 3.75 1.0
4.375 0 3.75 1.0
4.583333333333333 0 3.75 1.0
4.791666666666667 0 3.75 1.0
5.0 0 3.75 1.0
0.0 0 3.9583333333333335 1.0
0.20833333333333334 0 3.9583333333333335 1.0
0.4166666666666667 0 3.9583333333333335 1.0
0.625 0 3.9583333333333335 1.0
0.8333333333333334 0 3.9583333333333335 1.0
1.0416666666666667 0 3.9583333333333335 1.0
1.25 0 3.9583333333333335 1.0
1.4583333333333333 0 3.9583333333333335 1.0
1.6666666666666667 0 3.9583333333333335 1.0
1.875 0 3.9583333333333335 1.0
2.0833333333333335 0 3.9583333333333335 1.0
2.2916666666666665 0 3.9583333333333335 1.0
2.5 0 3.9583333333333335 1.0
2.7083333333333335 0 3.9583333333333335 1.0
2.9166666666666665 0 3.9583333333333335 1.0
3.125 0 3.9583333333333335 1.0
3.3333333333333335 0 3.9583333333333335 1.0
3.5416666666666665 0 3.9583333333333335 1.0
3.75 0 3.9583333333333335 1.0
3.9583333333333335 0 3.9583333333333335 1.0
4.166666666666667 0 3.9583333333333335 1.0
4.375 0 3.9583333333333335 1.0
4.583333333333333 0 3.9583333333333335 1.0
4.791666666666667 0 3.9583333333333335 1.0
5.0 0 3.9583333333333335 1.0
0.0 0 4.166666666666667 1.0
0.20833333333333334 0 4.166666666666667 1.0
0.4166666666666667 0 4.166666666666667 1.0
0.625 0 4.166666666666667 1.0
0.8333333333333334 0 4.166666666666667 1.0
1.0416666666666667 0 4.166666666666667 1.0
1.25 0 4.166666666666667 1.0
1.4583333333333333 0 4.166666666666667 1.0
1.6666666666666667 0 4.166666666666667 1.0
1.875 0 4.166666666666667 1.0
2.0833333333333335 0 4.166666666666667 1.0
2.2916666666666665 0 4.166666666666667 1.0
2.5 0 4.166666666666667 1.0
2.7083333333333335 0 4.166666666666667 1.0
2.9166666666666665 0 4.166666666666667 1.0
3.125 0 4.166666666666667 1.0
3.3333333333333335 0 4.166666666666667 1.0
3.5416666666666665 0 4.166666666666667 1.0
3.75 0 4.166666666666667 1.0
3.9583333333333335 0 4.166666666666667 1.0
4.166666666666667 0 4.166666666666667 1.0
4.375 0 4.166666666666667 1.0
4.583333333333333 0 4.166666666666667 1.0
4.791666666666667 0 4.166666666666667 1.0
5.0 0 4.166666666666667 1.0
0.0 0 4.375 1.0
0.20833333333333334 0 4.375 1.0
0.4166666666666667 0 4.375 1.0
0.625 0 4.375 1.0
0.8333333333333334 0 4.375 1.0
1.0416666666666667 0 4.375 1.0
1.25 0 4.375 1.0
1.4583333333333333 0 4.375 1.0
1.6666666666666667 0 4.375 1.0
1.875 0 4.375 1.0
2.0833333333333335 0 4.375 1.0
2.2916666666666665 0 4.375 1.0
2.5 0 4.375 1.0
2.7083333333333335 0 4.375 1.0
2.9166666666666665 0 4.375 1.0
3.125 0 4.375 1.0
3.3333333333333335 0 4.375 1.0
3.5416666666666665 0 4.375 1.0
3.75 0 4.375 1.0
3.9583333333333335 0 4.375 1.0
4.166666666666667 0 4.375 1.0
4.375 0 4.375 1.0
4.583333333333333 0 4.375 1.0
4.791666666666667 0 4.375 1.0
5.0 0 4.375 1.0
0.0 0 4.583333333333333 1.0
0.20833333333333334 0 4.583333333333333 1.0
0.4166666666666667 0 4.583333333333333 1.0
0.625 0 4.583333333333333 1.0
0.8333333333333334 0 4.583333333333333 1.0
1.0416666666666667 0 4.583333333333333 1.0
1.25 0 4.583333333333333 1.0
1.4583333333333333 0 4.583333333333333 1.0
1.6666666666666667 0 4.583333333333333 1.0
1.875 0 4.583333333333333 1.0
2.0833333333333335 0 4.583333333333333 1.0
2.2916666666666665 0 4.583333333333333 1.0
2.5 0 4.583333333333333 1.0
2.7083333333333335 0 4.583333333333333 1.0
2.9166666666666665 0 4.583333333333333 1.0
3.125 0 4.583333333333333 1.0
3.3333333333333335 0 4.583333333333333 1.0
3.5416666666666665 0 4.583333333333333 1.0
3.75 0 4.583333333333333 1.0
3.9583333333333335 0 4.583333333333333 1.0
4.166666666666667 0 4.583333333333333 1.0
4.375 0 4.583333333333333 1.0
4.583333333333333 0 4.583333333333333 1.0
4.791666666666667 0 4.583333333333333 1.0
5.0 0 4.583333333333333 1.0
0.0 0 4.791666666666667 1.0
0.20833333333333334 0 4.791666666666667 1.0
0.4166666666666667 0 4.791666666666667 1.0
0.625 0 4.791666666666667 1.0
0.8333333333333334 0 4.791666666666667 1.0
1.0416666666666667 0 4.791666666666667 1.0
1.25 0 4.791666666666667 1.0
1.4583333333333333 0 4.791666666666667 1.0
1.6666666666666667 0 4.791666666666667 1.0
1.875 0 4.791666666666667 1.0
2.0833333333333335 0 4.791666666666667 1.0
2.2916666666666665 0 4.791666666666667 1.0
2.5 0 4.791666666666667 1.0
2.7083333333333335 0 4.791666666666667 1.0
2.9166666666666665 0 4.791666666666667 1.0
3.125 0 4.791666666666667 1.0
3.3333333333333335 0 4.791666666666667 1.0
3.5416666666666665 0 4.791666666666667 1.0
3.75 0 4.791666666666667 1.0
3.9583333333333335 0 4.791666666666667 1.0
4.166666666666667 0 4.791666666666667 1.0
4.375 0 4.791666666666667 1.0
4.583333333333333 0 4.791666666666667 1.0
4.791666666666667 0 4.791666666666667 1.0
5.0 0 4.791666666666667 1.0
0.0 0 5.0 1.0
0.20833333333333334 0 5.0 1.0
0.4166666666666667 0 5.0 1.0
0.625 0 5.0 1.0
0.8333333333333334 0 5.0 1.0
1.0416666666666667 0 5.0 1.0
1.25 0 5.0 1.0
1.4583333333333333 0 5.0 1.0
1.6666666666666667 0 5.0 1.0
1.875 0 5.0 1.0
2.0833333333333335 0 5.0 1.0
2.2916666666666665 0 5.0 1.0
2.5 0 5.0 1.0
2.7083333333333335 0 5.0 1.0
2.9166666666666665 0 5.0 1.0
3.125 0 5.0 1.0
3.3333333333333335 0 5.0 1.0
3.5416666666666665 0 5.0 1.0
3.75 0 5.0 1.0
3.9583333333333335 0 5.0 1.0
4.166666666666667 0 5.0 1.0
4.375 0 5.0 1.0
4.583333333333333 0 5.0 1.0
4.791666666666667 0 5.0 1.0
5.0 0 5.0 1.0
