0.0 0.0
0.0 0.20833333333333334
0.0 0.4166666666666667
0.0 0.625
0.0 0.8333333333333334
0.0 1.0416666666666667
0.0 1.25
0.0 1.4583333333333333
0.0 1.6666666666666667
0.0 1.875
0.0 2.0833333333333335
0.0 2.2916666666666665
0.0 2.5
0.0 2.7083333333333335
0.0 2.9166666666666665
0.0 3.125
0.0 3.3333333333333335
0.0 3.5416666666666665
0.0 3.75
0.0 3.9583333333333335
0.0 4.166666666666667
0.0 4.375
0.0 4.583333333333333
0.0 4.791666666666667
0.0 5.0
0.20833333333333334 0.0
0.20833333333333334 0.20833333333333334
0.20833333333333334 0.4166666666666667
0.20833333333333334 0.625
0.20833333333333334 0.8333333333333334
0.20833333333333334 1.0416666666666667
0.20833333333333334 1.25
0.20833333333333334 1.4583333333333333
0.20833333333333334 1.6666666666666667
0.20833333333333334 1.875
0.20833333333333334 2.0833333333333335
0.20833333333333334 2.2916666666666665
0.20833333333333334 2.5
0.20833333333333334 2.7083333333333335
0.20833333333333334 2.9166666666666665
0.20833333333333334 3.125
0.20833333333333334 3.3333333333333335
0.20833333333333334 3.5416666666666665
0.20833333333333334 3.75
0.20833333333333334 3.9583333333333335
0.20833333333333334 4.166666666666667
0.20833333333333334 4.375
0.20833333333333334 4.583333333333333
0.20833333333333334 4.791666666666667
0.20833333333333334 5.0
0.4166666666666667 0.0
0.4166666666666667 0.20833333333333334
0.4166666666666667 0.4166666666666667
0.4166666666666667 0.625
0.4166666666666667 0.8333333333333334
0.4166666666666667 1.0416666666666667
0.4166666666666667 1.25
0.4166666666666667 1.4583333333333333
0.4166666666666667 1.6666666666666667
0.4166666666666667 1.875
0.4166666666666667 2.0833333333333335
0.4166666666666667 2.2916666666666665
0.4166666666666667 2.5
0.4166666666666667 2.7083333333333335
0.4166666666666667 2.9166666666666665
0.4166666666666667 3.125
0.4166666666666667 3.3333333333333335
0.4166666666666667 3.5416666666666665
0.4166666666666667 3.75
0.4166666666666667 3.9583333333333335
0.4166666666666667 4.166666666666667
0.4166666666666667 4.375
0.4166666666666667 4.583333333333333
0.4166666666666667 4.791666666666667
0.4166666666666667 5.0
0.625 0.0
0.625 0.20833333333333334
0.625 0.4166666666666667
0.625 0.625
0.625 0.8333333333333334
0.625 1.0416666666666667
0.625 1.25
0.625 1.4583333333333333
0.625 1.6666666666666667
0.625 1.875
0.625 2.0833333333333335
0.625 2.2916666666666665
0.625 2.5
0.625 2.7083333333333335
0.625 2.9166666666666665
0.625 3.125
0.625 3.3333333333333335
0.625 3.5416666666666665
0.625 3.75
0.625 3.9583333333333335
0.625 4.166666666666667
0.625 4.375
0.625 4.583333333333333
0.625 4.791666666666667
0.625 5.0
0.8333333333333334 0.0
0.8333333333333334 0.20833333333333334
0.8333333333333334 0.4166666666666667
0.8333333333333334 0.625
0.8333333333333334 0.8333333333333334
0.8333333333333334 1.0416666666666667
0.8333333333333334 1.25
0.8333333333333334 1.4583333333333333
0.8333333333333334 1.6666666666666667
0.8333333333333334 1.875
0.8333333333333334 2.0833333333333335
0.8333333333333334 2.2916666666666665
0.8333333333333334 2.5
0.8333333333333334 2.7083333333333335
0.8333333333333334 2.9166666666666665
0.8333333333333334 3.125
0.8333333333333334 3.3333333333333335
0.8333333333333334 3.5416666666666665
0.8333333333333334 3.75
0.8333333333333334 3.9583333333333335
0.8333333333333334 4.166666666666667
0.8333333333333334 4.375
0.8333333333333334 4.583333333333333
0.8333333333333334 4.791666666666667
0.8333333333333334 5.0
1.0416666666666667 0.0
1.0416666666666667 0.20833333333333334
1.0416666666666667 0.4166666666666667
1.0416666666666667 0.625
1.0416666666666667 0.8333333333333334
1.0416666666666667 1.0416666666666667
1.0416666666666667 1.25
1.0416666666666667 1.4583333333333333
1.0416666666666667 1.6666666666666667
1.0416666666666667 1.875
1.0416666666666667 2.0833333333333335
1.0416666666666667 2.2916666666666665
1.0416666666666667 2.5
1.0416666666666667 2.7083333333333335
1.0416666666666667 2.9166666666666665
1.0416666666666667 3.125
1.0416666666666667 3.3333333333333335
1.0416666666666667 3.5416666666666665
1.0416666666666667 3.75
1.0416666666666667 3.9583333333333335
1.0416666666666667 4.166666666666667
1.0416666666666667 4.375
1.0416666666666667 4.583333333333333
1.0416666666666667 4.791666666666667
1.0416666666666667 5.0
1.25 0.0
1.25 0.20833333333333334
1.25 0.4166666666666667
1.25 0.625
1.25 0.8333333333333334
1.25 1.0416666666666667
1.25 1.25
1.25 1.4583333333333333
1.25 1.6666666666666667
1.25 1.875
1.25 2.0833333333333335
1.25 2.2916666666666665
1.25 2.5
1.25 2.7083333333333335
1.25 2.9166666666666665
1.25 3.125
1.25 3.3333333333333335
1.25 3.5416666666666665
1.25 3.75
1.25 3.9583333333333335
1.25 4.166666666666667
1.25 4.375
1.25 4.583333333333333
1.25 4.791666666666667
1.25 5.0
1.4583333333333333 0.0
1.4583333333333333 0.20833333333333334
1.4583333333333333 0.4166666666666667
1.4583333333333333 0.625
1.4583333333333333 0.8333333333333334
1.4583333333333333 1.0416666666666667
1.4583333333333333 1.25
1.4583333333333333 1.4583333333333333
1.4583333333333333 1.6666666666666667
1.4583333333333333 1.875
1.4583333333333333 2.0833333333333335
1.4583333333333333 2.2916666666666665
1.4583333333333333 2.5
1.4583333333333333 2.7083333333333335
1.4583333333333333 2.9166666666666665
1.4583333333333333 3.125
1.4583333333333333 3.3333333333333335
1.4583333333333333 3.5416666666666665
1.4583333333333333 3.75
1.4583333333333333 3.9583333333333335
1.4583333333333333 4.166666666666667
1.4583333333333333 4.375
1.4583333333333333 4.583333333333333
1.4583333333333333 4.791666666666667
1.4583333333333333 5.0
1.6666666666666667 0.0
1.6666666666666667 0.20833333333333334
1.6666666666666667 0.4166666666666667
1.6666666666666667 0.625
1.6666666666666667 0.8333333333333334
1.6666666666666667 1.0416666666666667
1.6666666666666667 1.25
1.6666666666666667 1.4583333333333333
1.6666666666666667 1.6666666666666667
1.6666666666666667 1.875
1.6666666666666667 2.0833333333333335
1.6666666666666667 2.2916666666666665
1.6666666666666667 2.5
1.6666666666666667 2.7083333333333335
1.6666666666666667 2.9166666666666665
1.6666666666666667 3.125
1.6666666666666667 3.3333333333333335
1.6666666666666667 3.5416666666666665
1.6666666666666667 3.75
1.6666666666666667 3.9583333333333335
1.6666666666666667 4.166666666666667
1.6666666666666667 4.375
1.6666666666666667 4.583333333333333
1.6666666666666667 4.791666666666667
1.6666666666666667 5.0
1.875 0.0
1.875 0.20833333333333334
1.875 0.4166666666666667
1.875 0.625
1.875 0.8333333333333334
1.875 1.0416666666666667
1.875 1.25
1.875 1.4583333333333333
1.875 1.6666666666666667
1.875 1.875
1.875 2.0833333333333335
1.875 2.2916666666666665
1.875 2.5
1.875 2.7083333333333335
1.875 2.9166666666666665
1.875 3.125
1.875 3.3333333333333335
1.875 3.5416666666666665
1.875 3.75
1.875 3.9583333333333335
1.875 4.166666666666667
1.875 4.375
1.875 4.583333333333333
1.875 4.791666666666667
1.875 5.0
2.0833333333333335 0.0
2.0833333333333335 0.20833333333333334
2.0833333333333335 0.4166666666666667
2.0833333333333335 0.625
2.0833333333333335 0.8333333333333334
2.0833333333333335 1.0416666666666667
2.0833333333333335 1.25
2.0833333333333335 1.4583333333333333
2.0833333333333335 1.6666666666666667
2.0833333333333335 1.875
2.0833333333333335 2.0833333333333335
2.0833333333333335 2.2916666666666665
2.0833333333333335 2.5
2.0833333333333335 2.7083333333333335
2.0833333333333335 2.9166666666666665
2.0833333333333335 3.125
2.0833333333333335 3.3333333333333335
2.0833333333333335 3.5416666666666665
2.0833333333333335 3.75
2.0833333333333335 3.9583333333333335
2.0833333333333335 4.166666666666667
2.0833333333333335 4.375
2.0833333333333335 4.583333333333333
2.0833333333333335 4.791666666666667
2.0833333333333335 5.0
2.2916666666666665 0.0
2.2916666666666665 0.20833333333333334
2.2916666666666665 0.4166666666666667
2.2916666666666665 0.625
2.2916666666666665 0.8333333333333334
2.2916666666666665 1.0416666666666667
2.2916666666666665 1.25
2.2916666666666665 1.4583333333333333
2.2916666666666665 1.6666666666666667
2.2916666666666665 1.875
2.2916666666666665 2.0833333333333335
2.2916666666666665 2.2916666666666665
2.2916666666666665 2.5
2.2916666666666665 2.7083333333333335
2.2916666666666665 2.9166666666666665
2.2916666666666665 3.125
2.2916666666666665 3.3333333333333335
2.2916666666666665 3.5416666666666665
2.2916666666666665 3.75
2.2916666666666665 3.9583333333333335
2.2916666666666665 4.166666666666667
2.2916666666666665 4.375
2.2916666666666665 4.583333333333333
2.2916666666666665 4.791666666666667
2.2916666666666665 5.0
2.5 0.0
2.5 0.20833333333333334
2.5 0.4166666666666667
2.5 0.625
2.5 0.8333333333333334
2.5 1.0416666666666667
2.5 1.25
2.5 1.4583333333333333
2.5 1.6666666666666667
2.5 1.875
2.5 2.0833333333333335
2.5 2.2916666666666665
2.5 2.5
2.5 2.7083333333333335
2.5 2.9166666666666665
2.5 3.125
2.5 3.3333333333333335
2.5 3.5416666666666665
2.5 3.75
2.5 3.9583333333333335
2.5 4.166666666666667
2.5 4.375
2.5 4.583333333333333
2.5 4.791666666666667
2.5 5.0
2.7083333333333335 0.0
2.7083333333333335 0.20833333333333334
2.7083333333333335 0.4166666666666667
2.7083333333333335 0.625
2.7083333333333335 0.8333333333333334
2.7083333333333335 1.0416666666666667
2.7083333333333335 1.25
2.7083333333333335 1.4583333333333333
2.7083333333333335 1.6666666666666667
2.7083333333333335 1.875
2.7083333333333335 2.0833333333333335
2.7083333333333335 2.2916666666666665
2.7083333333333335 2.5
2.7083333333333335 2.7083333333333335
2.7083333333333335 2.9166666666666665
2.7083333333333335 3.125
2.7083333333333335 3.3333333333333335
2.7083333333333335 3.5416666666666665
2.7083333333333335 3.75
2.7083333333333335 3.9583333333333335
2.7083333333333335 4.166666666666667
2.7083333333333335 4.375
2.7083333333333335 4.583333333333333
2.7083333333333335 4.791666666666667
2.7083333333333335 5.0
2.9166666666666665 0.0
2.9166666666666665 0.20833333333333334
2.9166666666666665 0.4166666666666667
2.9166666666666665 0.625
2.9166666666666665 0.8333333333333334
2.9166666666666665 1.0416666666666667
2.9166666666666665 1.25
2.9166666666666665 1.4583333333333333
2.9166666666666665 1.6666666666666667
2.9166666666666665 1.875
2.9166666666666665 2.0833333333333335
2.9166666666666665 2.2916666666666665
2.9166666666666665 2.5
2.9166666666666665 2.7083333333333335
2.9166666666666665 2.9166666666666665
2.9166666666666665 3.125
2.9166666666666665 3.3333333333333335
2.9166666666666665 3.5416666666666665
2.9166666666666665 3.75
2.9166666666666665 3.9583333333333335
2.9166666666666665 4.166666666666667
2.9166666666666665 4.375
2.9166666666666665 4.583333333333333
2.9166666666666665 4.791666666666667
2.9166666666666665 5.0
3.125 0.0
3.125 0.20833333333333334
3.125 0.4166666666666667
3.125 0.625
3.125 0.8333333333333334
3.125 1.0416666666666667
3.125 1.25
3.125 1.4583333333333333
3.125 1.6666666666666667
3.125 1.875
3.125 2.0833333333333335
3.125 2.2916666666666665
3.125 2.5
3.125 2.7083333333333335
3.125 2.9166666666666665
3.125 3.125
3.125 3.3333333333333335
3.125 3.5416666666666665
3.125 3.75
3.125 3.9583333333333335
3.125 4.166666666666667
3.125 4.375
3.125 4.583333333333333
3.125 4.791666666666667
3.125 5.0
3.3333333333333335 0.0
3.3333333333333335 0.20833333333333334
3.3333333333333335 0.4166666666666667
3.3333333333333335 0.625
3.3333333333333335 0.8333333333333334
3.3333333333333335 1.0416666666666667
3.3333333333333335 1.25
3.3333333333333335 1.4583333333333333
3.3333333333333335 1.6666666666666667
3.3333333333333335 1.875
3.3333333333333335 2.0833333333333335
3.3333333333333335 2.2916666666666665
3.3333333333333335 2.5
3.3333333333333335 2.7083333333333335
3.3333333333333335 2.9166666666666665
3.3333333333333335 3.125
3.3333333333333335 3.3333333333333335
3.3333333333333335 3.5416666666666665
3.3333333333333335 3.75
3.3333333333333335 3.9583333333333335
3.3333333333333335 4.166666666666667
3.3333333333333335 4.375
3.3333333333333335 4.583333333333333
3.3333333333333335 4.791666666666667
3.3333333333333335 5.0
3.5416666666666665 0.0
3.5416666666666665 0.20833333333333334
3.5416666666666665 0.4166666666666667
3.5416666666666665 0.625
3.5416666666666665 0.8333333333333334
3.5416666666666665 1.0416666666666667
3.5416666666666665 1.25
3.5416666666666665 1.4583333333333333
3.5416666666666665 1.6666666666666667
3.5416666666666665 1.875
3.5416666666666665 2.0833333333333335
3.5416666666666665 2.2916666666666665
3.5416666666666665 2.5
3.5416666666666665 2.7083333333333335
3.5416666666666665 2.9166666666666665
3.5416666666666665 3.125
3.5416666666666665 3.3333333333333335
3.5416666666666665 3.5416666666666665
3.5416666666666665 3.75
3.5416666666666665 3.9583333333333335
3.5416666666666665 4.166666666666667
3.5416666666666665 4.375
3.5416666666666665 4.583333333333333
3.5416666666666665 4.791666666666667
3.5416666666666665 5.0
3.75 0.0
3.75 0.20833333333333334
3.75 0.4166666666666667
3.75 0.625
3.75 0.8333333333333334
3.75 1.0416666666666667
3.75 1.25
3.75 1.4583333333333333
3.75 1.6666666666666667
3.75 1.875
3.75 2.0833333333333335
3.75 2.2916666666666665
3.75 2.5
3.75 2.7083333333333335
3.75 2.9166666666666665
3.75 3.125
3.75 3.3333333333333335
3.75 3.5416666666666665
3.75 3.75
3.75 3.9583333333333335
3.75 4.166666666666667
3.75 4.375
3.75 4.583333333333333
3.75 4.791666666666667
3.75 5.0
3.9583333333333335 0.0
3.9583333333333335 0.20833333333333334
3.9583333333333335 0.4166666666666667
3.9583333333333335 0.625
3.9583333333333335 0.8333333333333334
3.9583333333333335 1.0416666666666667
3.9583333333333335 1.25
3.9583333333333335 1.4583333333333333
3.9583333333333335 1.6666666666666667
3.9583333333333335 1.875
3.9583333333333335 2.0833333333333335
3.9583333333333335 2.2916666666666665
3.9583333333333335 2.5
3.9583333333333335 2.7083333333333335
3.9583333333333335 2.9166666666666665
3.9583333333333335 3.125
3.9583333333333335 3.3333333333333335
3.9583333333333335 3.5416666666666665
3.9583333333333335 3.75
3.9583333333333335 3.9583333333333335
3.9583333333333335 4.166666666666667
3.9583333333333335 4.375
3.9583333333333335 4.583333333333333
3.9583333333333335 4.791666666666667
3.9583333333333335 5.0
4.166666666666667 0.0
4.166666666666667 0.20833333333333334
4.166666666666667 0.4166666666666667
4.166666666666667 0.625
4.166666666666667 0.8333333333333334
4.166666666666667 1.0416666666666667
4.166666666666667 1.25
4.166666666666667 1.4583333333333333
4.166666666666667 1.6666666666666667
4.166666666666667 1.875
4.166666666666667 2.0833333333333335
4.166666666666667 2.2916666666666665
4.166666666666667 2.5
4.166666666666667 2.7083333333333335
4.166666666666667 2.9166666666666665
4.166666666666667 3.125
4.166666666666667 3.3333333333333335
4.166666666666667 3.5416666666666665
4.166666666666667 3.75
4.166666666666667 3.9583333333333335
4.166666666666667 4.166666666666667
4.166666666666667 4.375
4.166666666666667 4.583333333333333
4.166666666666667 4.791666666666667
4.166666666666667 5.0
4.375 0.0
4.375 0.20833333333333334
4.375 0.4166666666666667
4.375 0.625
4.375 0.8333333333333334
4.375 1.0416666666666667
4.375 1.25
4.375 1.4583333333333333
4.375 1.6666666666666667
4.375 1.875
4.375 2.0833333333333335
4.375 2.2916666666666665
4.375 2.5
4.375 2.7083333333333335
4.375 2.9166666666666665
4.375 3.125
4.375 3.3333333333333335
4.375 3.5416666666666665
4.375 3.75
4.375 3.9583333333333335
4.375 4.166666666666667
4.375 4.375
4.375 4.583333333333333
4.375 4.791666666666667
4.375 5.0
4.583333333333333 0.0
4.583333333333333 0.20833333333333334
4.583333333333333 0.4166666666666667
4.583333333333333 0.625
4.583333333333333 0.8333333333333334
4.583333333333333 1.0416666666666667
4.583333333333333 1.25
4.583333333333333 1.4583333333333333
4.583333333333333 1.6666666666666667
4.583333333333333 1.875
4.583333333333333 2.0833333333333335
4.583333333333333 2.2916666666666665
4.583333333333333 2.5
4.583333333333333 2.7083333333333335
4.583333333333333 2.9166666666666665
4.583333333333333 3.125
4.583333333333333 3.3333333333333335
4.583333333333333 3.5416666666666665
4.583333333333333 3.75
4.583333333333333 3.9583333333333335
4.583333333333333 4.166666666666667
4.583333333333333 4.375
4.583333333333333 4.583333333333333
4.583333333333333 4.791666666666667
4.583333333333333 5.0
4.791666666666667 0.0
4.791666666666667 0.20833333333333334
4.791666666666667 0.4166666666666667
4.791666666666667 0.625
4.791666666666667 0.8333333333333334
4.791666666666667 1.0416666666666667
4.791666666666667 1.25
4.791666666666667 1.4583333333333333
4.791666666666667 1.6666666666666667
4.791666666666667 1.875
4.791666666666667 2.0833333333333335
4.791666666666667 2.2916666666666665
4.791666666666667 2.5
4.791666666666667 2.7083333333333335
4.791666666666667 2.9166666666666665
4.791666666666667 3.125
4.791666666666667 3.3333333333333335
4.791666666666667 3.5416666666666665
4.791666666666667 3.75
4.791666666666667 3.9583333333333335
4.791666666666667 4.166666666666667
4.791666666666667 4.375
4.791666666666667 4.583333333333333
4.791666666666667 4.791666666666667
4.791666666666667 5.0
5.0 0.0
5.0 0.20833333333333334
5.0 0.4166666666666667
5.0 0.625
5.0 0.8333333333333334
5.0 1.0416666666666667
5.0 1.25
5.0 1.4583333333333333
5.0 1.6666666666666667
5.0 1.875
5.0 2.0833333333333335
5.0 2.2916666666666665
5.0 2.5
5.0 2.7083333333333335
5.0 2.9166666666666665
5.0 3.125
5.0 3.3333333333333335
5.0 3.5416666666666665
5.0 3.75
5.0 3.9583333333333335
5.0 4.166666666666667
5.0 4.375
5.0 4.583333333333333
5.0 4.791666666666667
5.0 5.0
